464296773
975128421
316501066
939603368
559867229
700979730
527836117
265006670
490504567
499932597
455082316
241570290
190618646
306487632
370477435
257577495
732703247
818520777
490295290
941428506
421723626
110022708
464753062
652407472
251220211
961657069
160470766
240095077
972637260
992870922
849920111
438702788
412869301
133995105
584652953
688267680
980939836
238840254
230154457
804414655
698300590
536901760
778427088
407404242
640671550
586130579
625160203
602052392
295718407
740922961
860947318
130852779
748932485
583029260
920684420
419625501
310918865
469373305
663859129
246207544
927205848
330313842
582929307
865156821
127578678
562026768
630335411
233124580
264706508
790900455
103824917
655511206
569603798
211498728
879386063
573559080
376632093
197659515
159123356
236826352
938158937
355524289
724141188
399317595
761936320
414598642
500256124
931263889
479987135
872467210
149600330
827920921
207436055
160932219
998614119
378261636
768644779
473939450
338209650
413976680
816979207
308197589
108353565
740314426
122515526
490611128
633331276
474889379
421737491
547554021
791414111
404226310
143471223
577086971
310753082
650864643
775609632
980513516
339785001
406716883
265204239
566268261
916158943
255079457
204975734
306718385
154124485
168170002
477283128
138773037
827736282
778764300
727114338
208446518
953910789
738888755
756909662
288900388
975472511
648081931
406819900
703494457
185010426
239527358
876994912
918511324
687086914
213565683
580285249
389961503
817604403
502211535
357240970
458581986
998874602
813610409
163269904
628972048
459805635
167676433
500263779
813817731
654382856
111317977
514072823
747896746
215458931
325074247
848943150
358215654
507431774
144906437
731848077
412216851
491577255
981451943
387125628
596689134
964703259
175177558
836587404
934052756
527941985
613098283
505299562
584606254
750449902
746873158
244833628
818620430
618665942
882285435
101751495
281863681
982118378
892458052
962218195
724925974
325019271
135553783
130724353
332499646
776402370
409982560
197101875
379101405
891793400
964323249
346910963
885194599
229356759
865482776
147240805
603382727
844468225
412621629
411082666
495073871
463448503
487811478
841495785
233435522
299943693
941204989
120354285
262822264
673046235
188702369
485728096
129779798
379439765
323120691
408479603
891264783
685915753
492142665
583573032
335223575
532833694
188950829
264722028
457643708
183832316
869186094
413489259
254076656
763332435
901299377
854996909
964479618
837311616
617606337
995929184
883232198
202008839
301686852
857053309
981134239
616647503
670967725
638063144
651620408
235323091
260757810
576330569
584495403
895795862
926212205
726977298
360351714
374408343
571390968
657255912
421807500
481667964
949696497
414776700
263073981
775733595
246433830
723253044
610503904
108247982
700811974
561123911
106348578
673860316
307068001
639809377
484891582
713945917
406867275
211129832
502831602
489054077
327372634
120448186
138158770
300031761
908343460
509543274
582134987
661251237
970177736
499654253
432593264
811917807
129249657
322068173
965498180
891080901
932625235
119001294
739190639
671935152
512111375
913154656
860625048
497601829
551283591
537357961
854345149
837180997
698397857
577882915
958036599
961211518
179026436
759434909
351438618
846918700
944685710
866348347
774841830
830221945
611289631
150119809
452615161
626569765
490960796
820065396
816161722
613242388
107424229
803047780
233664837
229807037
501963073
946145051
524097495
268966505
534490028
507659074
769092600
338383351
193230050
299539627
476587536
347949065
411992954
582032131
484590742
518349663
232631003
495203381
647577613
851512858
882142144
661959530
376150594
713138105
502061881
795501127
482587971
331835242
391280495
457004183
685988012
277813290
792038758
224899797
910812222
681922920
639830680
550926509
949841410
505710152
774908036
392361600
289502121
730948224
416691787
547288786
742763297
333359628
942237791
922241021
629103665
224232022
542752544
739904352
836746612
811713766
392474175
919446398
204305739
711029357
174392946
531473388
870635283
764380136
742066596
766543653
733506946
766359859
605616794
193529607
970622064
583968575
971471754
204823761
359706569
845587534
556729099
629158951
932240343
646310378
729787638
602135185
732953716
188678225
912354981
156569456
954070456
865385922
125729747
190486407
946381427
836334255
177558066
560340775
929785660
746198951
887587170
922455621
843669334
624616722
482516655
324622453
369422191
632923941
288809222
469663048
923790499
421381851
916727300
717762982
471716960
497906483
473439999
382884869
559240021
395112408
497100275
348333059
673159378
638197304
224336127
808220526
595045094
497640672
515533792
245281865
274955194
810620133
474143045
748750900
989545958
490608191
758824977
751189766
826834492
422679417
831203667
930276329
342615080
193924999
179868589
594194952
216999176
910778387
640809471
817308756
664173149
459677350
802952388
501124677
254942953
429412990
952642338
743970114
422680682
803447909
786629540
832632532
227193089
718725690
716344825
464066529
422626393
940215075
722071711
742373870
406303305
451524106
510255686
236139060
358245994
985961365
568624861
871290143
209251742
618853651
511126456
906067473
236768255
367701904
510217196
812406931
421959322
519122979
428619754
462805387
243451855
603583926
834555409
634959993
692286883
432979353
140204604
510333101
813944249
751060417
690842306
199251014
750159142
725048676
709432404
171846937
807688170
501753141
823374727
258488067
364495694
461915281
834633388
692680528
992667288
615962982
986239700
937821899
334862778
731409971
420215608
641520345
698485071
618289253
593236865
664037699
300589097
936584091
813271047
368622057
181189588
323899298
356038646
802400256
533622444
234622682
839926590
433121079
396042469
459268840
634317251
926537150
618398727
242966081
963580280
650506668
850269405
110994800
881796981
208694928
513751959
987402490
712182809
805159202
791101830
518261395
691512064
988417063
990161492
704292119
149818843
678096206
535625081
452251023
484378364
264296320
808091244
723523792
691614452
625473169
515534202
588827942
380149185
738679230
757638324
471194949
769947606
742340240
595237173
971842959
558289967
168756634
696875614
791841821
782719408
972964784
839090008
367144524
703113002
454370994
259474738
159664426
353649026
843057301
262477196
129690281
184009218
399028141
936389950
314000152
305665727
874510526
163388385
444200391
397200786
414679328
268412985
493217766
136952369
604567444
223842906
576065994
277967369
801563507
982851858
548156295
170450893
644279386
396023111
596523269
574746154
121658443
522870739
883344507
695741996
724837798
141265801
155190487
705480781
119806062
621868103
158386004
264187058
619171009
457723939
676805644
181420285
420332933
957504504
418211438
159798753
709375036
756703377
234782961
551022574
148818364
882294812
733352587
993678389
320076659
637171524
631655388
298327879
956177864
198906913
903667938
582684280
870320377
329809656
116559786
417124134
696478441
658315489
527326482
592459126
298488880
738331518
324181299
946545821
943738120
831034558
132460233
438476134
228553702
367651476
274313247
824740423
524876109
513525019
399962356
907066190
571862587
973937020
491534745
244198108
563443081
893872663
143069271
820569186
869679509
702598571
672062740
170655181
255751066
131035686
129238296
754317891
783899573
660465999
165342742
229830796
164553180
623227234
456539061
830385483
735621256
247675515
356942805
863603525
496086438
982012093
366890077
464771711
481522078
958953255
387868046
337985158
889478914
546139497
259674635
903797514
144972008
150602823
885318774
807322238
798829276
701200952
503953791
438242450
320438958
232295530
628914777
386559775
675777812
603663456
785566381
240324565
601465195
767660808
217127770
518986693
433114276
806352136
942291519
442651803
125626563
454269343
241095473
977814852
421372299
197512601
901955100
808988864
887562158
661107992
961450545
537055281
447245489
473489675
218157914
705858558
633124797
675028202
784249776
939260414
888540157
149537895
304057043
797509624
334819397
322769007
718935504
982230566
273429965
447076975
377843603
523854432
104382219
267721493
924070847
881440939
597057177
937741782
660014906
313517779
423585309
867273136
780814097
876951391
964431112
463212840
487705677
390922664
160362543
415295012
707533656
756620974
304957370
150346020
370172834
553540016
342002263
394071998
918838055
907072764
750687396
312711167
734549492
692382558
323618351
456409171
688218816
248355244
839530762
333769077
877962125
182438234
453299449
331093582
706287842
486409104
308907566
293781508
146035583
950819716
424509977
191456747
549313421
256574687
451316561
302766824
443209305
380729974
698963718
821486428
339172074
517453447
554963808
157572727
706734942
621532185
494358981
803573278
154899823
558139508
384582354
495227234
867336584
400733866
863581943
638484059
660170404
326801019
149309427
305105949
346611243
401953418
435665615
208118082
567763552
455836687
737685570
711105817
118669981
893578890
772003174
768974950
258526716
390677035
590653546
610089790
393412441
113267712
635095030
226909180
701795082
383400604
845255562
435467180
736127261
842058716
436477305
569169404
974840164
425164469
998050847
238556878
735896770
822655272
440787767
807996633
401870898
349337602
247368083
847354187
696261785
828615278
381337476
995191061
292611194
306046109
583260101
357374902
428351309
856315448
632378672
500836079
747248580
251313379
470763088
177019299
969861949
751880978
953775972
261258990
431257384
260966698
393422613
708201421
862122725
419071792
650792594
426662387
214922207
734101202
344777210
171739355
442033709
161068328
597553566
860823128
359821019
626450422
277647775
810160619
329740031
666885782
620430803
665257728
638712899
943788597
531917134
944464043
757199908
493552663
747621212
433668246
474753838
241390872
151790458
261374844
123867439
701014948
752254056
134864085
812233386
582923541
141858066
133263765
570289685
695795020
563989258
202567057
445313916
708138253
863312924
968234036
435308180
999004087
878981476
606724048
883735940
580171609
186884469
550633948
971515881
559714797
289090467
903195729
224957915
607518878
809189064
933052264
560081698
499659071
359472145
173537097
738970123
334944343
509121813
481352470
978854876
187096924
985917528
376747447
525077793
275280163
528504531
100783709
575264389
211127108
508665305
704947300
252225780
234024460
480671096
127877465
467697873
638412880
881980900
577912451
751257057
742597150
447237966
954856923
432170379
931836125
467442613
189749151
275465226
234960784
638184191
105100001
201616757
389680510
693582795
420267260
591630550
950130651
866439782
936803894
697940208
332398633
178457716
506428967
126356245
677624807
577405590
985003801
838917405
472490104
945131811
791526229
522316220
142500022
161488887
837388011
874967518
200400035
939303422
574418260
367924244
250840010
940800303
248797532
594616219
223682930
242619125
776796016
808209597
172035239
785748348
516527534
351393885
223013519
994146431
848354984
211360020
737350256
500289909
163806591
942551099
366897833
736713473
985846379
169924373
249994711
256374942
696792697
757978185
858786302
491146408
936565405
849520428
315724112
354542269
331484412
978042020
994535481
145511831
139056331
871501530
362764773
969884815
952283465
122310274
518525118
972536345
433064068
574237451
440074525
337592270
291320492
703123733
788698795
777614612
437441257
210302013
876688173
576497913
940426531
712366285
597972788
823719504
648951325
757082162
356522386
903701385
902729479
303483831
987757775
876851591
740144273
946763534
562176991
577465982
452305049
611252097
784443083
784540219
296409710
903470357
206313321
206567434
432756233
260163256
734143136
451621840
321341156
657823453
290971867
297634521
648434360
984516984
360331697
790484490
701889316
525181132
919614591
979789730
169143482
322495409
294788322
213621615
109962662
130684809
714911971
848293567
668869044
976757652
283482212
775383879
877118474
116315586
216104797
999567175
487369079
773976383
796311532
870651579
263237296
707925973
118939762
870180718
515343025
765691616
458924861
406906256
823559165
987056827
424469921
836162384
748357182
989609881
769270862
847733549
863761629
778881117
152952103
456360429
326857456
403337405
404487775
756441698
506523768
542221666
450655894
707878780
556996050
430418871
521618147
935618230
534705330
180988367
804391116
349856678
338643478
764490379
287871809
316301431
509057200
670394919
427405034
560061092
198106665
391896602
262695133
637414560
923971927
275508669
921047413
303080315
877805927
338791977
894224844
342914807
328622217
897433554
302915347
667687233
813806228
927897088
400242291
390280651
708386797
242493287
995315950
261649352
240204744
130391689
944531727
127381183
796925237
918668126
417581737
652451578
787076291
488528009
263493196
646319874
309184027
406801655
239201352
754296771
911902502
133871157
542918977
417653331
217309340
579595436
346206701
474078126
359214766
814399065
527117730
691682224
774515911
416532364
945181732
319914638
528461485
956476081
551514667
356514799
746448243
638963687
573664801
464415160
873785601
918090174
320489736
757720640
210647437
448702766
360982300
722163006
758988991
200992690
395834999
661831964
569739458
198863922
446156230
653487587
910336725
515207800
124686904
886156328
965877037
726253506
126453379
886105321
374256335
718820488
969523768
885353818
788086654
856168793
585108997
347830719
692738380
979138616
626139250
838642512
427414359
733108486
924854695
180119510
276604027
621283193
774664655
577781968
238951509
255116140
139600435
285089661
949308109
924041939
840436005
460685680
443134779
595690062
471457672
535904975
675339038
316048560
186400932
968834253
965266007
760239273
802854096
239423153
319352201
946025679
582409428
865581242
123793842
872993319
795205744
788866808
896376815
789045282
178576124
900267966
565770692
121568825
506054754
553377395
778377112
961449157
609244255
900471343
610602959
860893761
636563596
491918956
892663563
390107343
274599279
789665528
358983857
642098104
371007680
382753500
709881158
684632572
858126908
803724620
836788397
224844028
423310774
701567383
947751947
962011793
188735621
456010699
554101269
290286521
172591553
203594094
777175243
806008713
664734939
558376809
873275376
895983687
376773202
747919090
242683085
642058465
706790036
823158119
479830959
319251382
837819160
639802004
772548647
139392001
424304849
832191834
803386800
957352630
436163823
663435687
918268202
989464652
928944004
437853076
310541537
288413629
110371080
947256788
420099707
787200311
789186428
962049238
135204708
618036565
593726246
662272474
292837354
601262740
401784486
103207967
201555017
326342375
695686268
771612859
718319313
698987161
365496974
617692773
709142453
674779957
702605651
125649492
341119654
702983677
534001718
549519009
440682125
930585359
589392311
833464926
914350875
882762381
955292151
496030208
782055837
620676532
875267460
582251685
247571516
292078967
379350338
906940290
480666469
631581605
758758194
320344216
759064424
479446490
506207563
520274667
319781000
418958207
888519437
569957281
214353966
272136377
652744432
825560051
914991596
537254474
157483893
519258067
732898845
703979729
469205637
376885070
770889977
849919635
480012995
636312864
991189246
251021018
998885631
648335770
475200503
498225745
626929820
450248792
170651936
853906365
278692729
754094022
333071508
798212395
973580443
979244543
138703989
829964187
340790620
659669700
810320735
353605352
777344016
108643403
638226462
695362716
704143240
991585659
267437193
772836724
619447532
315391928
228578127
692624995
349855412
540515998
348845098
406874881
431949635
704457982
480924818
826197718
722237263
778438276
738912665
652550666
200081461
647569443
926150447
233730200
779848369
432611187
274169852
329808009
641789878
208941965
318972702
228568961
620041507
987784626
892981323
322461456
404642697
957974653
449497868
886628962
937975668
658589262
775048843
888989976
675570386
892868826
344532098
210985297
494829625
754458770
536797754
647753747
691146049
548834958
525848831
181713248
452980138
945338466
378002352
577546564
784715818
845117444
414801526
615218007
280743555
390736958
297172353
576513302
830393319
226365356
261608355
568175333
200425875
812708712
648967704
318980077
141603037
874289620
820517907
595524998
535657180
758653459
958852438
998070836
682582339
384988657
926266541
131825963
626540804
473449190
383739376
689587477
411817645
785633931
475139912
384788731
613493992
533650283
966012932
818345578
356027473
754295160
171536554
643327104
174387649
154731491
158142814
102953221
999636543
787757145
624979036
736571455
740143421
842524735
425209956
860095533
287751162
216075575
822053302
254840796
944387531
136362225
788687166
750175489
942216734
922274440
351045999
682831284
353197626
869635449
528977223
204788170
740574509
958889325
966483475
764841538
483967474
692763703
201668209
446672399
363630295
181511279
327873522
956333615
178532228
292252663
575916975
519280569
148078514
336753671
458824286
758971345
642269633
283439050
306387316
837348618
575873401
789797144
763066281
897799475
127677185
474328442
690928179
624719814
904728015
106108765
532103749
270106604
936555570
860019815
570340318
401375937
327939302
361567597
739754315
355157283
768408539
915662159
257032502
534641129
180829151
801521086
584432362
754721272
944368378
705409425
286256734
393042725
700559880
343010782
717697513
929201137
353455799
435541739
747954103
797294269
616927785
843433132
623737144
311101643
176369576
973876336
249438213
350437320
100242953
622283867
161732904
893353126
407597724
328522303
930603504
483659580
969723939
441439089
227533621
123344713
954248055
358734861
957203587
102381115
950688161
419523612
389004969
432324779
810955019
260106602
886547799
258291115
626407873
688770151
121351629
386380642
834323670
314906359
572345124
354215886
785371350
277335072
377249198
941359639
823045731
750897930
209731885
710992282
422923421
592837929
574075400
441463129
275532367
161971532
924251280
349607916
872560084
659339117
154133371
287480500
626485406
294234545
205760749
122828693
891534918
592345256
151735027
634462607
509778419
511428162
330678901
495260501
536361007
138648877
219110442
608330297
121455859
756753429
897513293
440660622
419937996
412654428
137954464
225573857
507878081
219686603
265148065
480137719
768769484
675605075
389209996
153560854
563716617
965927418
661647900
369475988
229066882
813598678
661937004
830653455
340644781
308024222
828065475
545073176
320308582
447156565
925890667
669274017
818555087
380775096
143024886
815243798
995314798
921696994
268044368
459465994
498095988
644908713
122306776
404967331
967145422
389857226
976169306
272192497
708105982
295347541
767329175
615514982
113898546
988649295
249833833
764270245
532215417
602767418
256516007
746886747
811564701
955792012
901946022
571948177
394159530
479471880
835082682
366444925
992399501
755631872
172895062
242011400
771841946
100795043
903367612
258793880
420230565
792778372
513533144
897472684
807987159
417371679
987508289
766240070
479052628
109203066
819942484
716351907
879303886
386666113
755975581
175732655
222483451
314601371
741634190
933097803
799848413
118097313
237134340
332337659
920837047
729497214
665655912
249445712
772238291
584761213
228922196
926155009
726569273
767645187
559125400
533914965
801858951
776395244
312847363
754017403
381201470
255007323
942653299
585596530
659132994
262342593
425065481
985911627
410036763
292748477
848321519
394363871
952358131
537649600
488145237
344248876
997107278
133905672
199477705
560011465
213362021
251839073
276041840
409796277
892797778
526983213
174880596
635135595
690785925
111465017
396082424
491555932
745936793
927518068
353852633
541992947
357871233
633389177
608313987
164033448
821212309
742576814
268038993
712501650
668480624
537740805
202599277
167788750
623982862
568890634
957463404
303724859
816671455
590924720
283292786
722017213
971282081
873158155
166518065
543186076
733248116
819163289
902159887
849540841
752021494
894777853
760005451
754314844
619038593
972829640
216706504
596254119
404440136
188057459
759624181
753139377
930113637
753077182
176822508
874083963
883112509
452893829
126469227
480661413
345682967
543944486
964188638
549816178
406922517
721558634
869110908
926527911
411284651
304033003
553956791
580279406
567629448
137646030
240000809
186744572
626944769
162605297
974912113
846134730
466073833
621339874
957006394
216233897
650284910
367227938
132385305
766382254
321281821
427522540
185568955
124838250
829593462
344826734
298368957
335309847
391559695
105458019
963528755
904851909
922309979
221577675
331982592
730668615
350597139
243349770
343432362
429624703
348818014
592839884
345719664
862335855
538186827
617527275
157160706
402842927
823154503
521230151
767389681
910107532
691639325
673775556
858463384
842454049
841741095
531234935
545650236
907359338
945776737
105262693
985257627
925495320
724315818
634749411
889217445
174115537
548898558
648927210
335076603
605585753
277651611
271471930
227375470
921213432
395223809
583871770
901525913
719551230
189078746
915013361
772605579
743006758
713327216
547836177
373206230
701078552
401598373
122798630
673965815
622068807
680650349
589202444
344093164
890588455
803182386
468646551
369474603
914835730
699465375
404348204
185137601
695144304
931559484
788807198
736776854
384637535
174159276
854277977
546043534
345487510
184229935
167941325
244956044
943579521
907083967
595286711
147968016
991578114
783625911
813516230
416698981
895401221
572037587
792338012
139083821
525369101
575785512
879514731
776742750
747408932
881186176
546637349
727558389
544559661
493235210
147180307
998812942
543490397
426284459
901485595
534262928
995696926
426814856
297854962
752938848
410373873
103243433
818540847
663533943
365694826
720953612
320637933
947085887
269523348
784036554
569207410
708070938
891161490
850967529
789530285
733811720
321934186
328209955
835426545
163292538
140739959
584018597
645773009
865200648
780555079
583075862
608440308
431315682
413054422
738086869
974414001
839709120
646330436
570822287
589585104
641445926
798303788
677115252
678669737
260665525
243139849
336450003
615494191
176520594
409192266
754254976
112816572
808971722
622431534
509092783
425314316
518127686
480732247
526508215
922611251
890962357
402746817
490831294
534763336
918070916
165152548
562483028
326070042
603246855
506949266
824004108
382658452
267683222
910282340
158470023
590766872
660128582
911928610
444842684
111773281
635251229
214063953
249581418
106618622
410151104
405324248
499408053
647127319
828782292
153312008
260173317
297988340
138258182
352514048
728242932
834886331
951117216
137615429
748408213
380079257
156620256
388268215
782808033
119902844
409987852
352772295
609247168
441194493
451850694
679857736
374388766
367994919
934081462
527073615
336113086
451043283
554066753
655230742
892127913
844141594
394898971
744296523
973846433
130505098
197848402
849120081
584004107
265471342
269808426
552040523
358288933
499424718
257151595
267045532
186113700
450433390
357883084
397734362
982886791
866226919
700292646
751225649
142649949
304093540
243978568
634404072
486093684
869888082
977177064
194292275
992185992
188754681
257094070
865925395
381962166
174573120
326685110
697365233
627857558
338739108
609015250
209463208
185690644
611655850
716617092
495854621
505670355
990170499
731844798
516122093
213965537
636456502
826621217
956710918
258200196
589294723
953760714
208294103
568166294
488428438
319380458
245292903
590189390
261429079
863724139
123278426
883691112
755891704
432971712
353227408
137283412
951918255
158185849
760872437
373905515
556408647
221619065
941581974
559369150
981133174
777091545
992639127
742651558
884777918
614329616
135846156
582040165
337877211
164891716
907055596
649216628
271016635
568766482
618702807
975756167
313143450
155483331
388075747
286809056
423854602
608149204
925040066
612170324
968917578
357892892
383119332
516378562
765041046
890749721
492128327
999964411
548727295
464034266
369368602
360717209
895617503
861571080
783216067
489127026
664612339
291462964
185802873
143091827
193226161
434568277
248814298
628205047
947619057
535645239
314013976
248327935
326456638
650333920
674662200
143715030
337323064
350868923
181506481
188779632
293085454
182994571
966560524
174502004
398907963
570951228
879681482
162373772
261311953
719583693
903175984
323230393
650275163
505695205
979889046
428113930
714273139
610628414
741570343
832483828
460732913
926050660
343996355
774652135
381517769
785598139
908147332
808273416
917644334
574483519
963229836
374620805
575238730
485418355
207775012
840387608
975805543
851861143
533340247
906808551
977571400
674373985
196357109
802224755
877270274
638154449
393917283
540055671
479044706
303236526
823419456
858823204
754621562
158548396
274406090
661986908
404584862
156619356
361507840
550727764
301215584
670705496
417102954
706882867
617518662
792703561
332513445
399518171
692237776
501256526
394684959
398970880
565543380
544439235
626040434
365325796
889787880
997283657
645312696
793039131
998673353
292878574
636283477
453845960
304336982
637215801
821911014
527661491
100103833
495742887
231390596
100333100
289163165
818162459
540099381
488876104
768013089
772689036
450913530
726992973
414459785
689861923
392173643
289770367
116804582
178370870
608662696
163373344
747433083
935601457
535233503
668000159
872240066
314616049
252743705
263871997
768473592
335695163
683476483
865970832
497549091
298958299
171795136
212739290
301339869
434244139
934845941
947598183
941355882
655968277
442141575
373229889
519120904
675647132
730211403
909239954
519708327
680805310
864317848
342748945
651722149
520077032
585390984
470096511
466730483
863248260
666821541
519667061
148757560
853686534
189657444
157392505
806185920
369341082
614689084
769737686
915653767
531836118
915760855
472726266
765314139
872464605
380705419
219238080
677642056
998863557
768428172
988930760
390495283
484323753
502217875
622149783
994280420
647722159
834680076
998896538
576539163
240014661
233896559
544543037
196110133
664799206
105178483
964649423
586457392
848287071
772959798
426225263
708092058
963046043
428619468
551200890
118412112
609045767
938599343
195630687
268187246
674117780
317474412
755247617
683274935
330796636
173968341
199368540
107007712
512734707
953453597
645451361
932953592
743988902
516427113
614478050
664480889
891967398
265807582
318189297
280112787
741096344
142631797
434524715
295535430
741435553
838703816
437042622
787838897
137385141
242277992
693477584
606784650
594530529
288383734
270861459
332854774
718564548
945565066
413154319
718526881
712508678
963641113
322210136
940621668
256945366
639004680
431255976
219218946
864076118
487972247
432027859
497955638
391737832
328368666
118685325
894036644
782997847
584276204
485067898
976443509
426959552
901684632
357659111
337915459
490698029
597064100
550948907
227858132
757689084
946763535
180752479
906788424
521188867
398558162
930011531
978116866
563689032
957890402
144862662
132458623
529918558
211246242
474950237
273723601
570964512
960619862
269818123
255230848
789503596
635565263
521076229
768329916
793876811
345870185
188691184
179601136
687332572
209633233
650439244
289165680
638138579
283317988
661551297
441736645
550303816
229095595
256050062
264866563
267451120
441143698
948538863
168219470
381300073
721716882
747570740
440550812
459772230
473758763
308254180
775991648
776654963
176311303
990676661
765738645
795296866
688364942
505537831
619760377
562328538
966829069
822749018
463158614
137052724
810881111
240822390
734168915
759093817
214496508
667667057
818928151
606592113
686601925
913168048
329575322
268098036
755109596
493562037
371392531
597244002
163713007
129046932
334199790
141695215
431340326
173755359
525097745
338708756
131839221
364761277
491860734
390557727
501235271
831045015
436830449
402194020
498663105
660829661
865827923
272920711
283232030
542353918
656125165
639658008
192470217
585413928
497643602
676545468
755630944
201260196
897848766
275168510
556644052
862981970
545547635
765265809
258325742
376792321
973368967
438513625
662527665
658979129
616446918
545723645
960857403
826417054
803264115
132579485
591596934
270198760
642039613
715297119
532884199
154591858
560123529
914693516
145669757
704777590
353977724
282967084
555745068
400252285
419747597
124026048
456398700
434542517
760167603
917290183
174807980
449460185
338183525
351532613
566900541
508029619
406942915
720364094
709927609
319864627
714448865
611976307
384044138
927176132
602181600
705112624
852918769
914154831
939500018
950918807
778839787
718348636
877044865
721122018
983097232
557122648
331527219
398602152
533141810
128016919
260185705
819227917
862732092
207451667
956813574
627300704
972955767
960966609
513038099
375903496
917970608
190942592
444303973
752029786
306225392
511723534
516934275
100376626
152522097
917858572
843559026
528000984
759871666
420130177
268539783
727082489
863153838
778709162
104749609
334900068
898909813
956221405
746409445
495849152
502368272
843230365
702359208
543424447
556933784
872482418
622770791
290194135
181416372
571881223
472393905
266554137
812007607
449463378
154417019
306851768
657179215
348373544
983589903
377459702
487134855
608109954
749434379
308256632
287478354
438070916
296929300
909731695
863255821
682797905
416104347
510825005
349642962
215913843
446423467
340785533
955828891
970803411
562025034
730616879
287979253
752176663
804056538
263339560
480707943
151937092
161523128
975660279
956906136
732189617
471201211
145158940
692347999
980127859
409279436
121841038
887940850
911021385
602067907
511808521
331334688
615510378
771440582
589917277
193638994
106763134
411753788
112506132
378412304
311004375
572330355
820323648
535879070
829774139
558646653
268818710
520137492
504445998
604792931
388656491
961406485
330202893
401660732
105147884
354960290
247250318
204588755
320354836
608107502
956290885
320482542
728284916
466045155
949930101
949151605
726550108
759771690
427876490
878014068
306217069
544147157
856990732
338915311
553700565
866466957
259121486
936467298
915812571
258021628
457091765
841297999
200871798
540185269
484767889
256341723
616356805
642175992
388171678
840947623
472840225
908032963
534166311
868202852
483193106
148280976
394209488
615120107
501899252
758204724
424370350
946013014
968816975
426418033
987373270
877174072
675893131
189627579
670454589
306111275
721055711
673393548
912574051
519948979
125772106
731402467
543222271
431863525
451024414
110459244
924675000
868700021
253238521
799351415
138595375
383202363
674373596
256682157
404946990
558349567
876863511
500629940
436483629
329746354
608894003
664695114
159752399
645933292
388487092
761362223
934185341
825658093
739272648
780349801
321338825
258196638
176097506
165782960
344929253
240727981
960360538
862117948
502908454
488074943
970599156
622221746
399567893
113566305
143185145
835506238
396282593
606022212
937787468
719789327
278350464
450912002
756004641
421111499
688184673
414631476
966373673
160859995
376064811
587134831
916139989
711196175
200057768
896522076
808509264
528465795
452693548
742671266
403893801
900146956
877308598
822233701
560043862
834950653
985464593
327418067
519347169
391667355
100713937
640136251
356466220
493321043
921418808
933063658
187012655
647816475
430590080
975570240
547222893
877870621
826809480
408491311
972719150
278047654
670981660
472765323
692841075
433468817
310338370
718354073
148639966
244224489
402329248
441108454
889113902
560937132
710655125
930643806
204000638
222366214
837615553
511741784
299304707
778619333
515046638
497900746
393359900
925071631
186032722
659622317
431924205
556083554
453090369
786249879
529335901
408700457
963303118
489599960
234128449
921128284
929890618
980024078
487422898
308602578
385318608
367645372
765076056
512334363
544051887
606773899
242637649
378799572
818806008
364047711
676814831
687839103
220169512
229740668
681982600
619449153
261677494
150033876
323412967
336118564
935207997
167608613
667104750
554788949
501670555
631737971
405176199
745006373
259200078
320642881
666625363
174583084
130214213
451955479
891093239
531738068
643745038
857023669
444682977
278787537
137639892
880625259
678660140
927421315
419055441
435448670
459628674
187326472
491266284
391916722
724084313
886612186
534271812
748724147
352574252
290210898
735213435
803003583
839955997
640726155
804389321
366790267
207140248
685123690
207128675
588031570
155282348
329734487
218540069
285521962
909557880
535848190
171214178
612772434
618647470
680253634
437183758
279359068
393559259
554690308
720220475
141096780
172651680
360084071
262555809
831368152
761863514
139313288
204702826
466854526
932987973
330199583
981819211
884308277
156522407
554865952
998634537
853223067
442738606
813407552
623144733
609354781
951354446
623235970
765152569
697340326
838681062
234131790
235790782
117529170
765944709
792456393
853491777
198993712
694294948
389275987
252138342
333617203
709489826
907568439
215978610
285213637
337859002
551620591
260881145
608552818
208017877
222330064
213272214
324114383
553212898
334613813
184862134
444847911
722404892
132398477
850252798
549270553
198002232
188774161
848085376
113272636
820893895
153632519
424296449
998421466
977850612
941125927
930136921
710784842
595487195
706067096
703914901
511881143
425402682
456846497
131937440
757781459
768781823
339596285
581711953
456058392
487371419
590501699
954820781
972265064
908407428
205980413
691941076
500065551
971513772
476277487
915251096
820691502
211682060
756788738
428520983
722457622
942727046
315507821
479019751
344353966
477761378
856596664
177275550
283298961
807853729
624736869
965527662
268204175
573950058
275528430
629442641
984462506
846195951
749793861
157891003
689087959
344887092
526705618
334425341
576034264
689141983
103465856
469291897
901512464
319562199
293907247
538273101
538299966
479151339
344111965
607484700
786067717
332697906
411636734
689783471
866747559
503646906
829336105
614809153
356136385
363618213
749767143
678742304
624660446
201014947
548616216
825042620
399057657
317497262
683892052
556861809
749426250
416019960
243958237
476011962
376506758
859317520
414512630
692657347
458428248
850437245
624999418
944817567
982244483
979198453
336579769
848281909
272762828
782155703
126854982
933366560
831506648
877274065
314176435
476419834
809382205
294691680
393964908
112065978
303417631
909406104
227848694
364512855
298001833
307600539
368825669
851746577
538208770
216302071
243579666
978738473
257676954
502784643
497292044
398234898
983870554
368879842
669578001
593731596
105047283
466564911
914001076
716618292
144660875
547704790
836082989
139614381
590574288
844110244
811689622
715463853
289701569
961216676
723915185
533473040
593945699
167989301
885085130
897961711
950514349
196665240
792957377
209169902
667602847
176010941
298384011
891885006
352151325
157221863
473693309
292458881
597382624
230426710
929717768
863544444
513614544
635651327
872917628
863872236
996250303
421752078
562477512
889100419
705046945
148237290
776624725
552966020
112418657
297361994
627059586
864945296
750551642
460854618
600361013
323546549
419553386
951452946
181480508
686660160
242495984
197262075
645712054
352261505
194051576
735044195
642565689
417754085
361593480
691395345
462461617
637394866
711124887
657964285
991248187
982577775
844730998
526390580
873655137
290520071
453752724
470911567
663862139
797926149
706323400
648265289
849468977
494096334
770497770
591216240
163854637
585612595
232317049
266883827
161786580
355362999
240645856
686807236
851497148
273646617
632832758
809312896
290509081
774327707
212994486
708347971
688744012
230509622
383253014
111763638
319141412
608574440
921910622
685650016
636975278
932455078
368384345
119261538
834923910
484239345
143325965
993352952
974938214
420234869
472615302
883291157
871841751
637496151
487096164
292496370
496120196
349381178
755742057
209250827
843594679
148778410
815240985
657212248
324206226
879157581
535688107
112438569
559459588
447208167
615624309
913003196
449619674
999762415
692427503
460133270
777464028
262671890
607672183
983370098
215327764
729111285
338237198
328718077
894219628
927934712
405637440
814498938
992909549
229917494
450218448
593094638
109971434
916634114
635896840
353677864
619093727
288454513
229214950
579377087
490995982
709160268
953583480
843232954
671616713
708719314
455898791
458827773
327359476
611401457
525602705
302132396
936490147
199111979
177152373
605039978
329603944
455647033
556718043
178701649
998784786
791544628
127357124
379068365
484036531
328894299
970549141
312801229
948200890
323127585
814528504
751953902
306451429
476933869
129134175
589709442
272329067
795795734
413047628
539324013
315141225
960794243
150924961
238316406
736938102
622238948
674040090
837253120
830825445
465772708
499763696
888528749
992133145
775641013
354779535
314436240
325885902
634488641
690410302
726955472
662954612
173125307
305430614
244428749
623301438
438771255
876193806
730111173
300214514
505062215
894554172
152342519
999389034
501099211
758329026
929641837
539475098
572880032
390847707
952090658
580483012
460240534
853161236
718289497
870531610
538477990
657130976
385979971
547237211
162942704
255955087
192447566
830099146
903953293
457291736
177640521
576183878
987194625
334014336
597778694
764695023
735140821
278992713
803965979
173512512
738589805
291899166
286166380
522907667
395824427
803328349
278660779
584976833
522739059
857833604
773289594
122876583
539537462
634306408
747349929
763836346
232821935
472167693
833171603
725557363
317342054
969638277
379585854
670171288
713985216
605079180
237322715
342645687
503935037
116250430
691297089
415029873
521164154
543913199
960583913
500766311
492879185
130874991
912909492
523607742
278581006
541379183
692858838
598740277
949840964
785103996
924941454
800632914
601432548
120553428
797556744
886590363
719874349
584653715
731111934
466049960
301320189
656684201
386957354
231051684
706085292
680210451
106427876
302111224
646882759
270489589
147458208
800065275
706704851
932772671
963271199
616184737
208943313
970892757
651470884
343611473
924199712
862798242
834063102
530047587
615474963
597264272
761161550
348440742
135881940
284742355
324012284
209882515
645839307
768971174
869440471
220539165
760622376
768626418
865084909
711229175
918500247
947480100
244745049
798245323
483821707
764151907
958678774
486634748
714497358
767488184
849123135
428828264
129294018
636077431
534654458
887443351
231758095
115177451
691789294
398626655
603648489
611648249
695408803
253214290
409261593
164974559
912889708
238294966
376586087
692593558
423014481
532708439
707815092
115821284
986870004
706503403
202270638
835972126
398899114
411501195
133721590
692323656
939596770
614649147
923782365
789259742
970057097
885120880
378204426
883521999
778865714
587812509
623307171
294214710
643533021
321103657
640427466
543375363
159270460
136390423
851019322
552922812
311389390
214088858
572051621
287370910
103880252
774479859
330000424
955660514
713113799
736572640
698085961
627116383
971790390
315759300
344793645
127874159
504543479
910504501
461381425
574873774
474538572
730203550
643147880
290004553
307557722
770753418
876688220
424269232
330049484
377154179
721054191
912658838
981140138
313160974
588340906
949731538
797911757
527859926
390771160
368106427
427856290
391291872
700217148
108647912
224266424
785831264
784788401
480559224
370339537
663224218
546409458
564167939
741575372
902682395
430473170
945540217
442661439
919433204
958999748
522259802
618999633
785454439
345992223
245515512
786923762
789996419
173499978
797480368
790396761
406638299
284769933
962019757
575152701
237244041
749570310
635080444
566556033
226930355
443695154
493959765
628626335
828166859
560833143
616700084
668424147
946234614
597499733
614239405
499917816
435925985
434949888
771067471
189440688
358963680
528184656
888048610
924149499
408345760
380691292
654599834
147988203
801793706
773012537
751746044
758712288
165541874
486263710
871689254
140788680
220049683
482517961
960029218
120531909
914630348
476633871
962786576
654668997
248581956
584615678
592246883
788843706
704086712
175797093
291088858
360978579
401490660
406000048
841866306
741040966
539058214
289759202
480884428
315704677
340431051
983923121
982404519
887905637
706804194
335083404
853400958
867183622
466058597
517282428
234108836
474647383
103041916
552060947
259928148
436834923
945433650
745468351
974223141
522330777
445001025
179730569
227300697
392368547
814505151
865400116
652950562
759900381
176943670
737103726
137840537
644489370
877794948
410965176
352492118
860908469
440515525
319984018
909245632
128836289
571045346
330346588
784863801
552453536
948401581
858039374
640340133
526284319
173816358
134639512
186225953
871476760
206963081
402990545
161527140
436499749
249188694
999281790
583164553
834051704
330612504
219627736
447696491
648154505
466430954
939854659
908943446
763841165
950671733
856911476
424703632
963663300
891611888
206006439
383015775
852774186
951890977
422519290
746448924
518103648
420705463
166826764
190680017
708536837
245285434
750189797
700824391
922830140
343019413
154127821
559215295
774043102
961038432
326937007
613717666
591718512
661417111
730283929
893505700
287040000
115729716
176610879
297386272
994321050
340976197
415615781
166481043
796593063
730090361
933129984
344595865
784366503
632626446
394732364
803427443
856722155
458191734
479638632
611016687
611637383
162935346
431126934
808018671
638819733
955994763
440931104
161834753
721603139
562830537
461843946
130395303
459531303
609184025
351629843
887450239
114346595
979803445
798865980
561820254
933880712
900263348
198315161
776221148
617118680
762701918
768104743
394542448
604491610
582923562
675522117
688657775
373016199
186025838
697999205
593096717
286309691
746536731
636954948
876400813
112528208
566410281
627064986
299815525
182736427
769009127
393510328
604144649
221924162
496109046
481357065
305836950
769690973
487646812
832107818
628258849
874066223
415476512
171517501
789631344
436213699
782275780
977478285
701468513
730125392
410836664
799652163
178089828
854715244
246710301
477407662
228074660
125004698
263579378
870506039
598691008
849348121
674200816
591183211
551420593
371520820
702927898
466929982
667414531
389237455
355318108
289267999
766200367
675135499
695243211
214046918
198597439
714162783
996604781
921593308
626191064
248856255
654104801
902439520
378023662
932943302
311034287
729895945
923144847
531734714
913843850
998349050
309239874
407580059
933691544
907438388
109917599
955251801
618695348
586312547
384107314
414597889
989355322
446055615
411862001
986364350
642109845
837578791
379718828
506724414
802657167
544271190
238715123
699309148
941163231
506655639
907257037
450137278
316209400
996437554
581343712
833849483
165007901
896227275
558251611
895788398
609138107
355684779
253407528
132836610
328805516
277950273
263155005
599161963
777219699
769363651
265281190
978685125
557778981
978069872
587024549
709500869
955229945
976854536
253156198
662571167
280044166
658544387
220097442
678479900
823593137
479654063
525427637
859102387
490898296
575346602
612720007
918622835
968238338
118149966
124320406
229364521
713634680
369147445
342877902
137434163
666646058
872390078
313114377
817332916
461495526
829154660
222387174
445676220
826274195
648230238
286075109
890195350
109526525
709288059
236667848
557232193
149201020
503652133
376833250
540687094
149257589
709025421
905531749
980599899
464407258
148227145
680416902
601417998
495212132
170733451
971014093
707665759
847239627
480037206
874187995
615349534
871483684
437921818
398960354
535947565
507430342
168264941
485880102
713322558
546387008
987302991
790339123
750559172
787244476
602318441
222161642
124292246
107951350
333671403
299829086
543454642
891449187
838822494
802615125
528318322
841870511
877520341
838754145
707575477
954341969
516710766
721295026
732138125
131779998
131181534
391295389
364876556
390515781
957924444
252805384
228142008
912398193
662322394
838547271
611951361
251472415
795313303
504507428
184630252
488550800
601377271
926663303
837441750
937028864
557566580
647302757
740715006
106647031
628798813
234660989
820511387
193073093
722978383
440008134
958391888
961769708
509206485
183179318
870089226
344132263
570657538
569047188
621381521
783975151
322406595
802427088
137956129
860805510
645066710
374910676
797239634
582640291
789316235
765851743
344513522
617401583
752345814
102832934
987825011
822151316
357530580
954111370
430145705
173426031
677543210
979941339
480649354
709342296
464219683
445795159
169995289
409807206
383568813
516764054
216514431
764028937
920713447
222273179
670901085
544369130
301356081
975285884
620774835
954129189
751707323
202007701
623482221
400168979
316546883
411762639
821125646
172065734
395345861
883659345
533788363
772708959
936801845
220991704
448507778
764240213
558303598
893923007
791001394
798245096
830291407
583532260
904687106
846145618
821486302
156676355
872273360
900651466
554405403
169464254
309219065
207623524
817718255
562351319
741342723
250032434
468152964
501560702
375537385
726961186
828716877
722836590
524238018
810670313
362903082
762163558
945393265
592730471
378145323
307834324
928658830
595350540
209031898
398175060
175047160
276812185
509099279
542026976
743450579
418886758
777115755
229702860
188912490
632889476
965492622
255223738
581786088
271109110
272824698
348935250
858470058
149036965
484114048
982874148
847803124
895300903
628677653
731542406
941840081
170399127
377365531
854782840
106433104
542869797
432399040
679479450
479231627
758029326
731075562
942177341
847384786
852421971
365777572
694830990
367326088
912608963
269375282
532921163
458977889
592791099
189629737
606065605
268850459
515555723
405344223
897319814
645988971
943283248
401867591
237822593
462455213
662585295
761934491
862964813
950798166
159025736
814271928
744536490
532261132
584396404
283769195
185411081
540427246
630983991
297008003
129936345
362225511
148886352
985313458
330629719
377855939
184982296
522448543
677617976
842923524
746924821
245138340
426864913
740328657
651262050
902401148
947797138
823256953
293888274
389691510
555161034
309419803
213639956
798642713
601893419
159668651
819974770
500511161
859652970
253995778
133979108
244922926
519678335
144985738
410945869
573412225
238214360
825234236
589285791
695981565
969472109
728729514
458861708
927591940
844149363
881940022
774446060
632796057
589985672
623812987
813255260
169441526
853714606
169782641
702517933
273198770
478347467
414837530
586316925
116505742
658013831
811333624
473808776
499422496
753727832
273397963
468206006
904768456
943433570
942749267
366034393
709598723
301488151
723464983
979973967
946075450
264779601
190825282
282355168
985314374
176369220
130673403
225216694
837335302
459949836
824241133
609147390
172098218
943466626
613511524
172579902
559800529
780495550
654796863
893518242
184878760
723119389
523057741
430609034
781072920
767464239
753715400
209048657
781768003
101654787
903636296
461163365
148497283
618076336
814530282
645606212
260956218
330551158
606596485
418262628
821844362
145880399
608716942
184376452
400295802
210940653
863271440
337551814
530873662
267512918
374584210
747410142
856565507
370967111
648575322
867747686
153499232
113139267
987779560
728359985
489012903
481129284
414607311
367725442
839938624
874085747
760906013
584742662
638538856
972763667
235995455
174494918
972609804
420218337
429147956
549632456
713408596
616142545
454064597
106085808
980006295
413339870
423278039
908948385
621936960
584510718
115685056
757494632
558878681
609451715
466436595
703342043
203999774
642318043
649782895
980512898
659932416
605422083
359141120
540127066
981401433
613814403
356054986
403256332
108946702
508274694
742956900
575582478
733897831
309514505
505720246
437717353
588981690
108964173
157900224
104414096
174513136
204546286
599186452
157275715
996577972
208145365
288333988
414755122
709266286
848494132
510618446
997143729
428454903
363635346
930783802
266357249
378966882
211995321
894821767
990980428
231314048
840513283
696295650
799266495
678805350
871299691
580362981
398513946
745859988
884487490
730804664
241078709
683788398
457996052
674167163
308423654
676130783
341719086
761956424
129301783
432963190
609663917
527566137
219147737
185463922
635996230
887069847
117965811
668368824
316650125
913460843
189650033
538689393
783826980
265824594
152793187
966926435
335175976
933234724
777139329
217934034
157640659
982322227
501600226
453779775
981126518
169391350
519692978
220931228
142700464
740741288
841703273
432549514
867612707
615502740
133653319
917662985
979392840
355501707
220421126
617415375
989290260
932713900
678868757
176885734
614527173
759183173
994797497
251771776
891093566
333699842
152476412
127542090
959978648
981851253
846780628
651963559
327461376
540803523
901812492
703968572
318416555
543185863
447295647
627416126
579915233
714251764
445390745
478451516
530864142
469660403
941154530
148976318
720466878
944378125
504770490
639797395
236402677
911649133
341024943
574393224
241494642
873441170
598750576
135677194
761120650
731086740
166977642
358411544
761664687
774933137
731064745
201054874
348740538
998922286
133473104
521592005
159044168
606842291
555578183
221164789
291678581
188328359
188422192
364224029
989134498
545175977
329092596
842399469
601513758
247740363
371328879
649803574
989548077
128838844
968472356
497598905
762284247
916710608
126053780
550721743
537391847
769649096
523057930
453911037
528177116
725745070
574269354
836028160
138540693
266191536
916135126
348348535
109323421
624563667
994293613
290306950
741127005
183302493
311382846
920461781
834041598
338674268
158380576
126641872
380168270
193462453
407635208
321414882
677038258
483239313
907206954
263323588
824978932
773661236
771997810
922524974
828364041
968775694
248038686
723649664
782751445
403479663
633009029
718151158
730099913
471697053
547414412
134530864
851618214
935523335
269568667
160334512
717249794
236974211
855583112
458539449
584244370
621417930
637629545
113112013
761431491
363524229
544769655
813889322
360552386
268347678
773631810
232800070
666503375
542381845
469562264
494306787
640603127
603253675
319220979
213667634
367022351
213309459
234451383
576105107
543842012
970883369
214620896
213188997
516441994
356056894
118870264
217959010
477589435
446710256
606841634
183611308
931808961
561202552
122881539
542601919
565746320
932593475
737415325
372009005
206751633
457627246
231284904
809291466
857391097
559059197
359977457
804148723
630880918
245833185
375144364
937972567
765347127
210281727
327588687
607731489
930519754
773440488
963949981
877165487
634165462
529443477
413376960
979148279
877142312
306549373
500465976
619408346
433609033
651360997
145435554
986851284
984084902
966247569
745674374
829512469
335981577
422380987
916515030
945328948
498989440
411202849
475901064
658858985
136055884
155904353
342324565
103602905
779650220
469544806
518716164
879605817
626498854
866054136
177635364
882017058
403881124
436247652
222201208
599381692
810167047
333843158
167550255
301653430
760468649
414745392
735159322
556121684
944191189
835156302
482407202
158671704
444087502
114233546
791264149
532463927
412368626
478712747
912739237
726690140
112197524
863954377
631609275
978979748
875935459
425503402
717816509
687736820
588202835
957312130
593042354
883813519
138268508
912714932
880131907
897846240
670926107
943254106
354891433
884755814
323941785
780627401
691544272
792999506
425803975
468719310
887243309
854716471
160376731
690023098
667832036
370679568
197387790
552697906
246241821
383473285
114104119
566788496
561646134
672380718
226894142
324698517
821774121
770706890
431359419
714664787
706853933
935804144
500418985
982307580
451739814
464968226
530257370
839924722
802162340
606789146
726259178
195778376
779203322
389147339
847725363
182240420
854958293
242001853
811436844
914116758
906816556
187960376
595268678
282169315
673116683
113257984
305243789
340408155
667364269
917242004
631043328
654264023
242582036
546911092
418978648
405773201
789482698
365846520
950818157
730924621
889966727
392511629
961063605
291885407
809432796
114448132
616222311
684371053
362475560
225043818
755025468
741632676
354853403
900684092
344769101
534096247
382198696
601213465
556812235
980449279
216650935
284226989
935628811
296129253
975374643
326528715
838723261
432883423
371475803
854685629
210034554
797197578
833362495
816315488
993257829
107804618
828624300
336076234
148749210
798736093
714652922
745104664
481909234
576166362
331258611
423504657
836163590
506339003
587589046
414228643
961333452
657762425
793134524
359888631
950201741
889024356
468853779
677138622
174961965
128417991
838684665
505368586
374452135
555618346
260524090
475004791
662640247
825087652
330120185
704568394
318344323
750438531
398564829
604110649
206815233
220095360
804620744
560809874
858344918
768778964
981765053
346426594
196703304
287261434
434851192
654449060
910920955
559288308
985119953
202643802
936461273
568567177
485139820
118924288
891865467
672577020
876327171
831961734
623714123
237132158
167720071
578471195
888023165
167786086
155489645
695960600
264920127
460053342
980920633
207287954
685557329
190490810
126331334
686311534
653537103
503522832
146438942
124134186
357502733
660086339
619918984
109502558
736012221
286899233
907445440
446252639
331810434
173768761
827890220
149838450
192344431
855013898
973447712
503067718
949306427
394429022
921283884
983549671
832164443
886378822
122629692
169958402
732832913
545578711
434265350
294326234
511303533
553503717
546374500
960775608
434426763
352483064
114541808
370121795
392025122
708199544
537247950
680258975
934896673
713354589
146610339
861503802
988172193
652120906
220725704
927891818
863674691
394759610
191018276
817352015
663748776
479888008
444465270
532046158
933200354
335668932
863389794
425772048
422545078
668709028
911593602
295686304
806048643
673530947
846756381
906930224
771028739
463824455
954508181
123479244
224646330
815848105
798944650
354680719
716779442
489650708
198581657
806782063
515897230
220352387
945260920
111212284
452108800
841167243
530331767
958415033
810094172
207775742
397334073
463379159
734545505
782457562
836425139
381881503
990725827
487942948
798407678
480379746
404588889
145548540
995114251
911578100
245227012
820621773
727375688
627533672
571597632
467208083
570610965
932856186
576295782
911263685
813393386
949523183
353984644
227963997
719669423
429270125
202006283
871636751
811020983
172605726
834142097
627084602
851863475
636524118
741493065
103710066
250017575
586831480
289069533
611519522
965935884
928335356
603294074
735245424
564978667
278285685
606721616
758559524
272980928
265034681
241763928
343996358
428622485
751377070
745200569
817140910
683044407
485765519
557285292
622705382
543609610
609860599
793325563
101581273
261017610
222236086
269913566
719234537
527122700
492247756
642210315
925648051
811728798
674636758
958773445
872724567
964028647
232851564
624094549
251245597
169491098
584760875
921116563
240014269
470756602
288955150
696060597
512736288
225447944
376757140
341217595
817495654
797327006
778948685
251564851
554375684
888769405
553647013
408572349
862140147
120082245
250623466
248867936
675210222
116343778
511717282
354961445
397146750
907234654
579026999
239929943
307874687
840994093
731231311
329617015
498650170
794411930
576912856
307704871
800700605
414863234
289842370
464737008
396800012
831658657
368241146
392036561
355794690
236174256
363255817
260777918
243436988
219231560
524346635
795763018
668032691
524144261
523105454
808654742
976595341
307841914
497183877
294348811
629202830
368322603
205442249
338392562
153009535
152519268
889316444
678270992
230973840
848346483
993710251
499226091
372291367
320285173
989237777
763584123
421689401
430458540
743065968
185064882
528339290
655915034
399527079
876991869
901829142
904301544
237560777
865694439
435677905
766616667
185142048
791494188
463394667
336491658
303703107
641831553
220592041
142306052
642819828
716340880
448887777
262831678
522178167
111037876
102940172
358480573
414794246
801289757
789346841
352010056
812494294
660923116
512192082
373065047
217551812
271301146
356898189
559581366
511604543
348631490
851446456
325894991
345096351
563902735
670764402
216039621
946792558
185755970
302252606
977112394
691784748
680527056
170626698
277356440
935277553
857670780
206635031
969492035
560057443
428189605
332602144
248233524
320329571
417528811
575425790
206442275
678260779
462083714
275865942
169991268
455896059
777578427
429831863
498024025
145832358
640001590
628611634
191782023
486956547
182157397
822554896
513156770
406925752
222099788
958496625
257764681
819036383
607284201
607467833
410003958
786918763
405543224
791185052
635982625
198478221
515755633
565282652
626385028
131968868
381654879
455808973
386816785
803831055
901365845
830802724
448109317
618582332
138266541
709159776
140324239
618483130
354336697
334817278
120948982
695952481
134550109
340057433
923091091
200857055
695482608
851339876
900031736
219053101
633805549
629141497
981187519
692709624
655456703
165675887
939765657
984246688
840409389
123144394
117616635
341802325
616480185
244550513
372535516
379513497
606127889
148487485
936214992
726023238
416443874
912376598
495600561
150326526
164546262
843480521
948356040
628494866
759699652
137572501
899810512
925866516
499746191
771522622
836798405
445368557
244319547
604729025
920009925
612862671
324936530
877197948
280582741
240614171
858244617
155542794
944005258
314289634
268831510
136235805
823996786
223782851
894331036
455743398
400071503
635523915
266324533
805460964
947645920
176759889
167053905
642834404
325535535
142869493
708847772
922018012
872955795
963241672
771369730
125894832
519385118
221123442
832653718
391601775
648731210
193420892
388837323
503814947
248590673
975641963
710976071
984590916
984560968
334520882
955743270
936228055
582959777
674378017
885574853
510946302
814565365
876432420
607107264
662324506
708902731
899446141
605123694
689417050
953415885
627062480
965001094
661202172
936093349
264307447
871187730
236722918
107755936
254303493
625141144
331022803
313869966
940051357
731427492
871862859
400896922
723953568
310535566
797442215
736759450
232692977
654224774
239489928
331697529
326774526
103900119
982900769
818202507
488549634
303284629
714818021
326421027
577673087
968614520
169759572
238859743
262963407
498017904
448282775
965248199
366250626
774207450
614578816
580302039
559647773
648577865
282063047
529187612
216513866
228060882
755652449
651530385
717486335
993846071
915246946
789478033
419097061
572534861
266101847
639994491
522081952
749437630
757985376
600562537
912501009
874810404
823309953
628611810
580236640
206404733
938872381
320931453
960181531
185692044
573174487
661410906
782791661
322627431
374295608
259285595
250728480
427981548
598344329
876060505
743814345
272464578
818738448
663781618
984797429
731946434
133966443
163280723
835282369
634532488
441442703
319689863
410753791
904161320
967638252
805099413
561277039
436731262
248528961
933486288
820125701
502777329
117032755
958072106
490638412
609674405
100794043
879045983
207291152
133058172
122312805
140875736
125443419
338653220
367238962
326990704
131488007
576346959
194703347
499664310
225074158
439398233
587555581
498350101
473282458
583248135
325712544
752670616
822712474
609681792
554979483
521366119
388263788
906085522
191971530
207410831
796958951
301522486
845168348
357852448
473582686
935465056
994359388
796194580
440616102
933480040
921647565
719620360
514744183
760322732
467310914
329354409
221249480
249144334
878490856
875927580
503535417
746215140
649195347
312244797
966047747
771219968
889954256
709862938
734835480
512616678
250894991
723250020
980152188
779825346
395338347
964711957
558137251
439699177
539438892
709314552
623386540
394423380
872016170
604914963
765893284
161883766
295743657
713333316
399528058
151110463
344187208
174496912
268235980
695737216
821534937
533895098
760435469
981403294
464875854
642264104
538440583
707035843
557406334
637991169
672201967
789890472
466969269
786057704
805463187
269064294
208118333
285964074
173516269
849733755
229311943
669757331
217143829
154563150
555085332
264251009
887343735
830346873
566977464
597793045
895880111
767790833
847872311
547517161
585861218
502328489
843291499
703425432
283094857
636003628
804682807
547276290
794243668
822025023
383892493
611515085
164829576
670960590
302415715
533091841
925436743
514672080
309821091
816477321
739163555
235213522
399698816
102684788
921733931
911619670
981325846
854603410
196905883
463349171
626298763
520334889
428394762
183943629
225139904
487869607
544028424
551497190
822234834
498179062
214453810
294269639
880495882
913067790
424696482
186439504
988623949
297307395
276384853
610320794
340593978
165744400
461263287
761029637
297285286
935117990
326370064
620422773
959269036
684335379
476544531
416235395
587531032
174038429
915510305
598934150
996125953
805737938
911062533
132382219
749152995
562981837
308669856
785840538
418000242
910099653
848228952
518839940
521395110
617777385
580236616
607832124
122169523
487133427
235666505
210654365
888673464
844026005
532686418
218239558
675038684
605990467
130792593
606064377
435399147
993759545
101280363
697010896
638135606
220376441
340748164
907895579
978197676
973949367
777927509
949738686
855124129
443160825
376579712
941173716
850419936
542706571
679202532
771411074
262017720
709423628
416233764
997988822
692942436
449677839
711436419
257844673
434361275
661308560
328722267
649159771
932373767
871830133
905486157
493251638
764035008
716888692
147470105
184703538
883275490
748325753
464583702
483688279
449682655
511585425
450338907
200304723
426409152
602690057
542539079
448357842
541067759
634420556
747253697
802784204
146735955
211492896
355473627
713294142
601489382
181820389
630680431
402262706
746348053
443238520
135785589
894048440
477341943
460246593
228732408
942033486
810931874
387480732
853045405
408221008
806432113
282478251
161298493
132520271
610053859
509378734
856438554
721467233
993431853
676864930
261236361
212946934
838083736
702592236
719303047
514716879
425832142
818508257
972969183
311035142
111186422
875111516
540715373
155738919
845727882
443659267
433646053
261568893
651146756
985449498
448954508
186747685
484827287
615513754
220627958
711261236
636040214
153985386
737986579
885987177
122535621
142675654
800315988
469451470
812033575
371295913
611458878
654727593
726447802
738302345
739057046
762121351
882801595
632690645
727133786
308702581
835497533
112889377
182262345
189497753
297153166
728552828
854712646
680843371
198029166
917872033
304219323
864056955
636939897
967695955
319867212
486430628
148254871
762933842
743944681
200824233
407125590
962731637
235800166
378982148
245890106
696566425
165949695
336147775
260811207
730463172
564081086
373189444
896006394
420699040
857662775
998809314
391471380
403181360
638682399
425243795
863125434
475282496
976273171
965520940
283269759
123205675
146534718
391483710
356964990
537417848
710248253
571525057
175346122
954015737
910605690
439518149
829724728
133220305
161866041
786228888
502652304
949030148
910712933
443046030
976669236
140533959
141972991
416669865
592926412
522277485
408066214
460599760
385067753
459193664
907297991
577436747
756320814
955223921
718389439
383376514
850619940
154621824
200883829
283363247
672043289
243699415
866809238
309891177
911517922
972347967
784247835
173430018
652505671
958183579
850228125
943990494
219096832
584334843
907742288
709035634
563144715
121436600
425209406
687131205
812504432
310270938
661942688
976138719
684626239
712260690
314167410
405757309
263779320
196395469
987284068
548258755
618689231
166370041
598023229
833512065
522654913
583701022
787620851
502198446
808618414
130567115
575364477
754030133
243468557
616242157
770663436
607668861
543450979
473921896
802825566
111526834
481798427
215571425
198644038
852284405
355179356
937365714
686267112
979991521
938137524
293033621
488957677
513270664
130715512
817688263
841825367
211003148
188220454
231835991
292058375
643187234
626533912
416534548
712412827
421802154
489183160
779986145
689225477
999036407
716380614
203364865
277816180
463876131
342885610
908807480
864326013
943244189
734972677
232887349
418044938
470318325
131369715
469048656
886694675
690810184
708459088
366333163
390985366
918780382
843960506
576446140
970451129
981154958
249629256
824113338
657688184
794894125
416233622
613102989
750290757
969651562
789143549
669977144
102558642
774800720
193134937
526662284
746520698
336444937
306729853
606811881
648587768
518544067
863539077
558381151
824390509
650345864
420374704
955158163
701488776
920686878
724694789
469034169
757385319
567733119
380749081
492670471
456632766
720301565
581191489
455752182
302150558
546392077
463616288
683246678
881272763
966977874
788978321
277342523
273836531
768815973
689678716
926540724
760320793
813843173
200260488
356482586
496935422
325506996
308246725
933047050
296404579
664067429
926263672
873544337
505114535
308710390
104791930
919031562
236419661
143219602
356911675
821280078
518774924
438021912
406319629
636832679
850004627
847141684
923309554
327329762
200041221
941024132
800463338
196751384
338125594
829807674
706938959
670864007
680764399
147535258
678142820
806778021
962024487
137807221
373094803
817110483
785352376
629494059
318207326
733457088
884064106
967343242
340065466
600559370
867369168
866379430
198336045
404618938
219401775
223860802
712396335
109288916
170729258
740877652
102194743
104120818
645815080
673830055
996326179
232348260
579599246
340805026
703935617
740532705
557601688
166375208
510221094
260684094
478555842
596210793
261301956
496566812
927569617
171260765
610699071
307628817
659548085
145710663
188314911
936379959
495462112
264702184
658962899
479068036
583419398
230075313
440959455
926451172
702203202
241743374
746916727
630389840
403286997
737578479
158304251
744504041
496864381
456972756
467979294
328309760
426131661
594271768
898735455
364569535
778807283
559128087
341605994
236647942
177371663
412444944
903393506
219632800
989825357
138790434
519270484
130985097
420859730
145983243
251340186
719121765
310078310
693083261
265625541
185497242
930369012
419488085
277808245
406840163
113163238
206560341
160254272
835226743
460336301
483070883
389644303
229452126
245215295
100645156
408664754
553126644
982689463
960555467
492349271
648778182
458526443
316414652
994128470
443072310
710454286
288738426
742525640
271537309
486475500
896426401
729330976
371631710
864552246
770420424
621476105
811060450
100210213
656361063
156787971
811009861
122904523
750988570
512187262
116159295
411617294
420257798
350107800
696729785
150003281
368978343
195468493
692029919
878569361
907352946
992893978
898282350
306569933
596074762
425745626
694456413
404825210
264540160
455916227
884878633
127546066
919270425
646391997
459548099
452481940
246934594
299515764
373553430
504319713
502118998
861252925
726999914
852279858
449163241
766361124
196141472
336768067
646542539
189597742
349306557
613791313
199272462
439950631
373133051
235748840
188434993
107340482
720714856
776196405
970263864
101801053
734317986
708690826
757813867
467540435
488245952
382190836
460791977
115307333
457009938
834226963
958619882
420228428
928013912
791757708
903745094
838664176
667727942
873478278
667701220
162687716
493172065
312196923
681440172
527767842
231891407
890139828
395978599
576915242
950465564
306342595
526140207
585076538
911269764
835131463
274224675
613293351
